[printer]
kinematics: cartesian
max_velocity: 300
# max_accel: 3200
# max_accel: 5000 -> lots of shaking, overtemp, layer shifts
max_accel: 3200
max_z_velocity: 28
max_z_accel: 600
# Default: half of max_accel
# max_accel_to_decel: 1250
# Default: 5
#square_corner_velocity: 7.5
#square_corner_velocity: 6.0
square_corner_velocity: 6.5
# square_corner_velocity: 1.0

[respond]

[gcode_arcs]

[idle_timeout]
#gcode:
#   A list of G-Code commands to execute on an idle timeout. See
#   docs/Command_Templates.md for G-Code format. The default is to run
#   "TURN_OFF_HEATERS" and "M84".
#timeout: 600
#   Idle time (in seconds) to wait before running the above G-Code
#   commands. The default is 600 seconds.

[include /home/pi/klipper-config/*.cfg]

#*# <---------------------- SAVE_CONFIG ---------------------->
#*# DO NOT EDIT THIS BLOCK OR BELOW. The contents are auto-generated.
#*#
#*# [bed_mesh default]
#*# version = 1
#*# points =
#*#         2.7130, 2.7175, 2.7219, 2.7242, 2.7261, 2.7282, 2.7279, 2.7257, 2.7249, 2.7288, 2.7356, 2.7423, 2.7489, 2.7561, 2.7648, 2.7745, 2.7854, 2.7971, 2.8042, 2.8080, 2.8116, 2.8182, 2.8289, 2.8450, 2.8632, 2.8735, 2.8792, 2.8857, 2.8987, 2.9120, 2.9208
#*#         2.7282, 2.7320, 2.7366, 2.7397, 2.7413, 2.7427, 2.7414, 2.7370, 2.7344, 2.7357, 2.7408, 2.7464, 2.7528, 2.7604, 2.7686, 2.7766, 2.7850, 2.7944, 2.7999, 2.8031, 2.8061, 2.8115, 2.8205, 2.8353, 2.8530, 2.8641, 2.8704, 2.8756, 2.8871, 2.8990, 2.9054
#*#         2.7405, 2.7432, 2.7478, 2.7516, 2.7537, 2.7536, 2.7502, 2.7441, 2.7395, 2.7393, 2.7440, 2.7492, 2.7552, 2.7631, 2.7699, 2.7759, 2.7832, 2.7918, 2.7962, 2.7975, 2.7996, 2.8045, 2.8121, 2.8261, 2.8438, 2.8556, 2.8628, 2.8673, 2.8762, 2.8864, 2.8923
#*#         2.7373, 2.7417, 2.7466, 2.7498, 2.7522, 2.7521, 2.7482, 2.7425, 2.7382, 2.7382, 2.7431, 2.7483, 2.7541, 2.7615, 2.7670, 2.7724, 2.7800, 2.7897, 2.7950, 2.7959, 2.7975, 2.8022, 2.8093, 2.8223, 2.8405, 2.8530, 2.8607, 2.8659, 2.8741, 2.8839, 2.8908
#*#         2.7105, 2.7157, 2.7205, 2.7232, 2.7248, 2.7252, 2.7229, 2.7192, 2.7169, 2.7180, 2.7232, 2.7290, 2.7345, 2.7408, 2.7463, 2.7523, 2.7608, 2.7722, 2.7792, 2.7812, 2.7837, 2.7881, 2.7957, 2.8091, 2.8269, 2.8393, 2.8483, 2.8553, 2.8646, 2.8751, 2.8824
#*#         2.6965, 2.7015, 2.7058, 2.7078, 2.7090, 2.7091, 2.7071, 2.7035, 2.7017, 2.7032, 2.7084, 2.7137, 2.7178, 2.7226, 2.7276, 2.7336, 2.7423, 2.7527, 2.7588, 2.7609, 2.7633, 2.7673, 2.7751, 2.7886, 2.8050, 2.8156, 2.8242, 2.8316, 2.8425, 2.8545, 2.8625
#*#         2.7120, 2.7165, 2.7198, 2.7209, 2.7209, 2.7193, 2.7153, 2.7102, 2.7070, 2.7077, 2.7120, 2.7160, 2.7180, 2.7216, 2.7257, 2.7309, 2.7387, 2.7466, 2.7505, 2.7512, 2.7518, 2.7543, 2.7614, 2.7747, 2.7902, 2.7989, 2.8048, 2.8099, 2.8205, 2.8330, 2.8409
#*#         2.7445, 2.7476, 2.7495, 2.7497, 2.7473, 2.7426, 2.7364, 2.7293, 2.7243, 2.7234, 2.7259, 2.7276, 2.7280, 2.7304, 2.7322, 2.7355, 2.7408, 2.7473, 2.7496, 2.7490, 2.7471, 2.7471, 2.7521, 2.7640, 2.7783, 2.7856, 2.7891, 2.7919, 2.8009, 2.8120, 2.8190
#*#         2.7750, 2.7753, 2.7744, 2.7734, 2.7691, 2.7619, 2.7548, 2.7474, 2.7412, 2.7381, 2.7390, 2.7404, 2.7399, 2.7401, 2.7394, 2.7403, 2.7428, 2.7488, 2.7510, 2.7503, 2.7475, 2.7460, 2.7493, 2.7592, 2.7723, 2.7788, 2.7814, 2.7837, 2.7915, 2.8002, 2.8054
#*#         2.7955, 2.7947, 2.7926, 2.7914, 2.7867, 2.7790, 2.7718, 2.7643, 2.7574, 2.7534, 2.7539, 2.7549, 2.7537, 2.7528, 2.7512, 2.7504, 2.7516, 2.7573, 2.7599, 2.7582, 2.7543, 2.7524, 2.7553, 2.7641, 2.7768, 2.7831, 2.7856, 2.7877, 2.7950, 2.8030, 2.8071
#*#         2.7835, 2.7828, 2.7814, 2.7808, 2.7778, 2.7723, 2.7660, 2.7581, 2.7511, 2.7482, 2.7503, 2.7519, 2.7510, 2.7508, 2.7503, 2.7510, 2.7538, 2.7606, 2.7641, 2.7625, 2.7591, 2.7578, 2.7619, 2.7721, 2.7855, 2.7934, 2.7968, 2.7994, 2.8079, 2.8164, 2.8200
#*#         2.7558, 2.7567, 2.7578, 2.7582, 2.7566, 2.7540, 2.7491, 2.7412, 2.7349, 2.7336, 2.7375, 2.7401, 2.7395, 2.7404, 2.7422, 2.7450, 2.7490, 2.7571, 2.7611, 2.7595, 2.7573, 2.7581, 2.7636, 2.7746, 2.7888, 2.7990, 2.8042, 2.8071, 2.8174, 2.8268, 2.8304
#*#         2.7443, 2.7455, 2.7474, 2.7479, 2.7459, 2.7433, 2.7388, 2.7324, 2.7272, 2.7266, 2.7305, 2.7333, 2.7333, 2.7347, 2.7371, 2.7400, 2.7449, 2.7539, 2.7582, 2.7560, 2.7539, 2.7563, 2.7627, 2.7728, 2.7863, 2.7962, 2.8029, 2.8070, 2.8175, 2.8275, 2.8310
#*#         2.7562, 2.7579, 2.7592, 2.7593, 2.7561, 2.7522, 2.7475, 2.7413, 2.7352, 2.7339, 2.7373, 2.7395, 2.7387, 2.7395, 2.7413, 2.7436, 2.7483, 2.7573, 2.7600, 2.7561, 2.7538, 2.7563, 2.7627, 2.7715, 2.7829, 2.7906, 2.7957, 2.7993, 2.8091, 2.8195, 2.8225
#*#         2.7835, 2.7838, 2.7832, 2.7815, 2.7764, 2.7713, 2.7661, 2.7587, 2.7506, 2.7472, 2.7493, 2.7503, 2.7473, 2.7464, 2.7465, 2.7478, 2.7523, 2.7602, 2.7616, 2.7558, 2.7518, 2.7530, 2.7591, 2.7675, 2.7776, 2.7816, 2.7831, 2.7847, 2.7927, 2.8021, 2.8055
#*#         2.8087, 2.8078, 2.8056, 2.8023, 2.7966, 2.7907, 2.7853, 2.7773, 2.7680, 2.7635, 2.7641, 2.7636, 2.7589, 2.7556, 2.7543, 2.7540, 2.7570, 2.7631, 2.7635, 2.7565, 2.7500, 2.7494, 2.7544, 2.7619, 2.7712, 2.7730, 2.7716, 2.7711, 2.7780, 2.7868, 2.7907
#*#         2.8104, 2.8098, 2.8075, 2.8042, 2.7991, 2.7942, 2.7894, 2.7809, 2.7712, 2.7671, 2.7675, 2.7665, 2.7625, 2.7593, 2.7587, 2.7581, 2.7606, 2.7663, 2.7661, 2.7590, 2.7524, 2.7513, 2.7563, 2.7631, 2.7718, 2.7749, 2.7742, 2.7741, 2.7801, 2.7890, 2.7936
#*#         2.7879, 2.7893, 2.7894, 2.7881, 2.7847, 2.7809, 2.7770, 2.7696, 2.7621, 2.7601, 2.7616, 2.7612, 2.7588, 2.7567, 2.7574, 2.7589, 2.7631, 2.7700, 2.7704, 2.7649, 2.7595, 2.7590, 2.7641, 2.7715, 2.7808, 2.7853, 2.7872, 2.7887, 2.7951, 2.8058, 2.8127
#*#         2.7659, 2.7686, 2.7702, 2.7693, 2.7670, 2.7641, 2.7606, 2.7539, 2.7474, 2.7459, 2.7483, 2.7485, 2.7469, 2.7461, 2.7480, 2.7518, 2.7581, 2.7653, 2.7657, 2.7621, 2.7576, 2.7573, 2.7629, 2.7720, 2.7835, 2.7894, 2.7928, 2.7948, 2.8019, 2.8137, 2.8218
#*#         2.7597, 2.7632, 2.7654, 2.7643, 2.7625, 2.7601, 2.7566, 2.7489, 2.7407, 2.7374, 2.7397, 2.7398, 2.7375, 2.7368, 2.7387, 2.7426, 2.7491, 2.7552, 2.7549, 2.7507, 2.7455, 2.7449, 2.7503, 2.7591, 2.7719, 2.7789, 2.7827, 2.7843, 2.7915, 2.8032, 2.8106
#*#         2.7714, 2.7731, 2.7736, 2.7722, 2.7697, 2.7665, 2.7608, 2.7504, 2.7400, 2.7348, 2.7352, 2.7331, 2.7283, 2.7257, 2.7253, 2.7272, 2.7319, 2.7371, 2.7360, 2.7310, 2.7257, 2.7245, 2.7284, 2.7358, 2.7484, 2.7554, 2.7597, 2.7604, 2.7666, 2.7763, 2.7824
#*#         2.7842, 2.7840, 2.7833, 2.7820, 2.7791, 2.7757, 2.7688, 2.7569, 2.7456, 2.7399, 2.7387, 2.7350, 2.7286, 2.7237, 2.7207, 2.7208, 2.7237, 2.7280, 2.7272, 2.7221, 2.7165, 2.7140, 2.7159, 2.7218, 2.7331, 2.7379, 2.7407, 2.7415, 2.7481, 2.7580, 2.7650
#*#         2.7916, 2.7904, 2.7885, 2.7858, 2.7816, 2.7775, 2.7696, 2.7560, 2.7439, 2.7384, 2.7366, 2.7320, 2.7261, 2.7210, 2.7163, 2.7154, 2.7177, 2.7212, 2.7198, 2.7153, 2.7097, 2.7067, 2.7083, 2.7137, 2.7230, 2.7252, 2.7257, 2.7265, 2.7340, 2.7454, 2.7525
#*#         2.7838, 2.7833, 2.7823, 2.7797, 2.7755, 2.7716, 2.7640, 2.7514, 2.7403, 2.7368, 2.7364, 2.7327, 2.7282, 2.7241, 2.7195, 2.7182, 2.7218, 2.7273, 2.7270, 2.7233, 2.7178, 2.7150, 2.7184, 2.7258, 2.7355, 2.7371, 2.7373, 2.7388, 2.7484, 2.7614, 2.7686
#*#         2.7712, 2.7717, 2.7717, 2.7700, 2.7677, 2.7653, 2.7586, 2.7481, 2.7385, 2.7361, 2.7375, 2.7364, 2.7343, 2.7309, 2.7272, 2.7268, 2.7325, 2.7410, 2.7433, 2.7411, 2.7367, 2.7351, 2.7405, 2.7501, 2.7604, 2.7623, 2.7632, 2.7665, 2.7767, 2.7897, 2.7978
#*#         2.7577, 2.7587, 2.7598, 2.7600, 2.7597, 2.7599, 2.7540, 2.7452, 2.7373, 2.7354, 2.7380, 2.7385, 2.7376, 2.7360, 2.7343, 2.7358, 2.7429, 2.7530, 2.7569, 2.7555, 2.7511, 2.7502, 2.7562, 2.7668, 2.7773, 2.7791, 2.7805, 2.7848, 2.7961, 2.8107, 2.8209
#*#         2.7481, 2.7488, 2.7506, 2.7516, 2.7505, 2.7500, 2.7470, 2.7401, 2.7334, 2.7321, 2.7353, 2.7360, 2.7354, 2.7351, 2.7348, 2.7380, 2.7466, 2.7572, 2.7622, 2.7630, 2.7599, 2.7598, 2.7649, 2.7746, 2.7848, 2.7871, 2.7893, 2.7937, 2.8057, 2.8212, 2.8318
#*#         2.7530, 2.7544, 2.7568, 2.7577, 2.7556, 2.7541, 2.7518, 2.7451, 2.7388, 2.7379, 2.7403, 2.7396, 2.7380, 2.7377, 2.7382, 2.7420, 2.7509, 2.7613, 2.7656, 2.7660, 2.7640, 2.7640, 2.7678, 2.7766, 2.7875, 2.7913, 2.7935, 2.7973, 2.8086, 2.8227, 2.8309
#*#         2.7768, 2.7785, 2.7812, 2.7808, 2.7770, 2.7747, 2.7714, 2.7628, 2.7560, 2.7548, 2.7556, 2.7528, 2.7496, 2.7495, 2.7503, 2.7535, 2.7616, 2.7707, 2.7732, 2.7717, 2.7695, 2.7683, 2.7709, 2.7798, 2.7915, 2.7957, 2.7964, 2.7981, 2.8060, 2.8167, 2.8228
#*#         2.7943, 2.7960, 2.7993, 2.7980, 2.7932, 2.7903, 2.7868, 2.7775, 2.7698, 2.7680, 2.7679, 2.7645, 2.7601, 2.7585, 2.7580, 2.7609, 2.7686, 2.7767, 2.7782, 2.7757, 2.7719, 2.7700, 2.7731, 2.7828, 2.7941, 2.7969, 2.7965, 2.7970, 2.8034, 2.8115, 2.8163
#*#         2.7847, 2.7861, 2.7890, 2.7879, 2.7834, 2.7802, 2.7767, 2.7672, 2.7586, 2.7570, 2.7571, 2.7535, 2.7484, 2.7455, 2.7443, 2.7484, 2.7571, 2.7652, 2.7669, 2.7644, 2.7605, 2.7601, 2.7653, 2.7762, 2.7865, 2.7875, 2.7858, 2.7858, 2.7922, 2.8001, 2.8048
#*# tension = 0.2
#*# min_x = 0.0
#*# algo = direct
#*# mesh_y_pps = 0
#*# min_y = 0.0
#*# x_count = 31
#*# y_count = 31
#*# max_y = 300.0
#*# mesh_x_pps = 0
#*# max_x = 300.0
